section,name,value,id,count,total_ns,average_ns,min_ns,max_ns,percent,selected,entries,resumes,terminals,module,kind,completed,unwound,return_type,args,bytes,max_bytes,high_water,status
summary,schema_version,5,,0,0,0,0,0,0,,,,,,,,,,,,,,
summary,vm_mode,rxvm,,0,0,0,0,0,0,,,,,,,,,,,,,,
summary,result,0,,0,0,0,0,0,0,,,,,,,,,,,,,,
summary,timer_read_min_ns,41,,1,41,41,41,41,0,,,,,,,,,,,,,,
summary,timer_zero_deltas,766,,0,0,0,0,0,0,,,,,,,,,,,,,,
summary,interrupt_polls,9519232,,0,0,0,0,0,0,,,,,,,,,,,,,,
summary,invalid_events,0,,0,0,0,0,0,0,,,,,,,,,,,,,,
summary,counter_overflow,0,,0,0,0,0,0,0,,,,,,,,,,,,,,
summary,procedure_tracking_unavailable,0,,0,0,0,0,0,0,,,,,,,,,,,,,,
summary,allocation_tracking_unavailable,0,,0,0,0,0,0,0,,,,,,,,,,,,,,
summary,census_tracking_unavailable,0,,0,0,0,0,0,0,,,,,,,,,,,,,,
summary,metadata_tracking_unavailable,0,,0,0,0,0,0,0,,,,,,,,,,,,,,
instruction,SETATTRS_REG_INT,,217,1053400,14668888,13,0,118084,12.429133,,,,,,,,,,,,,,
instruction,IGT_REG_REG_REG,,104,1087001,13449605,12,0,25458,11.396019,,,,,,,,,,,,,,
instruction,LINKATTR1_REG_REG_REG,,202,1053400,13178708,12,0,12667,11.166484,,,,,,,,,,,,,,
instruction,UNLINK_REG,,213,1053401,12592644,11,0,5333,10.669905,,,,,,,,,,,,,,
instruction,ICOPY_REG_REG,,9,803451,9965333,12,0,8167,8.443752,,,,,,,,,,,,,,
instruction,LOAD_REG_INT,,1,837153,9796866,11,0,1500,8.301007,,,,,,,,,,,,,,
instruction,IADD_REG_REG_REG,,15,586900,7307931,12,0,34000,6.192101,,,,,,,,,,,,,,
instruction,BLT_ID_REG_INT,,357,586900,6943010,11,0,8375,5.882899,,,,,,,,,,,,,,
instruction,BRTF_ID_ID_REG,,39,586900,6873013,11,0,13250,5.823590,,,,,,,,,,,,,,
instruction,BR_ID,,36,553451,6483322,11,0,16250,5.493400,,,,,,,,,,,,,,
instruction,BCTP_ID_REG,,349,500000,5950835,11,0,250,5.042217,,,,,,,,,,,,,,
instruction,BRT_ID_REG,,37,500101,5843842,11,0,12334,4.951561,,,,,,,,,,,,,,
instruction,BRF_ID_REG,,38,250002,3076606,12,0,16083,2.606847,,,,,,,,,,,,,,
instruction,NULL_REG,,14,50,826123,16522,83,33750,0.699984,,,,,,,,,,,,,,
instruction,IADD_REG_REG_INT,,16,33450,425575,12,0,9000,0.360595,,,,,,,,,,,,,,
instruction,ENDLIFE_REG,,514,33551,407660,12,0,209,0.345415,,,,,,,,,,,,,,
instruction,COPY_REG_REG,,8,51,36335,712,0,33000,0.030787,,,,,,,,,,,,,,
instruction,GETATTRS_REG_REG_INT,,215,1,32666,32666,32666,32666,0.027678,,,,,,,,,,,,,,
instruction,LINKATTR1_REG_REG_INT,,203,1,24125,24125,24125,24125,0.020441,,,,,,,,,,,,,,
instruction,IGTE_REG_REG_INT,,108,1,24042,24042,24042,24042,0.020371,,,,,,,,,,,,,,
instruction,SETNUMFUZ_INT,,249,1,18666,18666,18666,18666,0.015816,,,,,,,,,,,,,,
instruction,BRTPANDT_ID_REG_INT,,524,1,16708,16708,16708,16708,0.014157,,,,,,,,,,,,,,
instruction,STOI_REG,,237,1,16000,16000,16000,16000,0.013557,,,,,,,,,,,,,,
instruction,ITOS_REG,,229,2,13916,6958,83,13833,0.011791,,,,,,,,,,,,,,
instruction,SETNUMDGTS_INT,,246,1,9041,9041,9041,9041,0.007661,,,,,,,,,,,,,,
instruction,APPEND_REG_REG,,143,1,9000,9000,9000,9000,0.007626,,,,,,,,,,,,,,
instruction,MINATTRS_REG_INT,,222,1,8375,8375,8375,8375,0.007096,,,,,,,,,,,,,,
instruction,SAY_REG,,450,1,8250,8250,8250,8250,0.006990,,,,,,,,,,,,,,
instruction,ILT_REG_REG_INT,,111,1,7500,7500,7500,7500,0.006355,,,,,,,,,,,,,,
instruction,INE_REG_REG_INT,,103,50,2706,54,0,708,0.002293,,,,,,,,,,,,,,
instruction,CONCAT_REG_STRING_REG,,136,1,1292,1292,1292,1292,0.001095,,,,,,,,,,,,,,
instruction,SAY_STRING,,455,1,583,583,583,583,0.000494,,,,,,,,,,,,,,
instruction,SCONCAT_REG_REG_STRING,,138,1,416,416,416,416,0.000352,,,,,,,,,,,,,,
instruction,RET_INT,,50,1,292,292,292,292,0.000247,,,,,,,,,,,,,,
instruction,SETNUMSTD_INT,,258,1,167,167,167,167,0.000142,,,,,,,,,,,,,,
instruction,SETNUMFRM_INT,,252,1,83,83,83,83,0.000070,,,,,,,,,,,,,,
instruction,SETNUMCAS_INT,,255,1,83,83,83,83,0.000070,,,,,,,,,,,,,,
transition,sequential_same_frame,,0,7662228,77547561,10,0,25292,80.438590,,,,,,,,,,,,,,
transition,branch_same_frame,,1,1857003,18841315,10,0,30625,19.543733,,,,,,,,,,,,,,
transition,external_entry,,6,1,17042,17042,17042,17042,0.017677,,,,,,,,,,,,,,
transition,terminal,,7,1,0,0,0,0,0.000000,,,,,,,,,,,,,,
interrupt,scan_all,,,0,0,0,0,0,0,,,,,,,,,,,,,,
interrupt,scan_without_selection,,,0,0,0,0,0,0,,,,,,,,,,,,,,
interrupt,mechanics_all,,,0,0,0,0,0,0,,,,,,,,,,,,,,
procedure,"awfy_sieve.main","elapsed",,1,214426125,214426125,214426125,214426125,0,,,,,"benchmark_awfy_sieve_opt",procedure,1,0,".int","",,,,
procedure,"awfy_sieve.main","inclusive_body",,1,214408791,214408791,214408791,214408791,0,,,,,"benchmark_awfy_sieve_opt",procedure,1,0,".int","",,,,
procedure,"awfy_sieve.main","self",,1,214408791,214408791,214408791,214408791,0,,,,,"benchmark_awfy_sieve_opt",procedure,1,0,".int","",,,,
procedure,"awfy_sieve.main","native_child",,1,0,0,0,0,0,,,,,"benchmark_awfy_sieve_opt",procedure,1,0,".int","",,,,
procedure,"awfy_sieve.main","entry_overhead",,1,17042,17042,17042,17042,0,,,,,"benchmark_awfy_sieve_opt",procedure,1,0,".int","",,,,
procedure,"awfy_sieve.main","exit_overhead",,1,292,292,292,292,0,,,,,"benchmark_awfy_sieve_opt",procedure,1,0,".int","",,,,
allocation,frame_blocks,,,1,0,0,0,0,0,,,,,,,,,,,6376,6376,0,complete
allocation,standalone_values,,,39,0,0,0,0,0,,,,,,,,,,,9984,256,0,complete
allocation,attribute_value_blocks,,,3,0,0,0,0,0,,,,,,,,,,,2101248,2097152,0,complete
allocation,attribute_pointer_storage,,,9,0,0,0,0,0,,,,,,,,,,,131520,65536,0,complete
allocation,string_buffers,,,2,0,0,0,0,0,,,,,,,,,,,128,64,0,complete
allocation,binary_buffers,,,0,0,0,0,0,0,,,,,,,,,,,0,0,0,complete
allocation,value_slots,,,8264,0,0,0,0,0,,,,,,,,,,,2115584,2097152,0,complete
allocation,frame_activations,,,1,0,0,0,0,0,,,,,,,,,,,0,0,1,complete
allocation,frame_reuses,,,0,0,0,0,0,0,,,,,,,,,,,0,0,0,complete
metadata_lookup,"callable_resolve","query",,0,0,0,0,0,0,,,,,,,,,,,,,,"complete"
metadata_lookup,"callable_resolve","hit",,0,0,0,0,0,0,,,,,,,,,,,,,,"complete"
metadata_lookup,"callable_resolve","miss",,0,0,0,0,0,0,,,,,,,,,,,,,,"complete"
metadata_lookup,"callable_resolve","invalid",,0,0,0,0,0,0,,,,,,,,,,,,,,"complete"
metadata_lookup,"callable_resolve","degraded",,0,0,0,0,0,0,,,,,,,,,,,,,,"complete"
metadata_visit,"callable_resolve","total",,0,0,0,0,0,0,,,,,,,,,,,,,,"complete"
metadata_visit,"callable_resolve","META_FUNC",,0,0,0,0,0,0,,,,,,,,,,,,,,"complete"
metadata_visit,"callable_resolve","META_REG",,0,0,0,0,0,0,,,,,,,,,,,,,,"complete"
metadata_visit,"callable_resolve","META_CONST",,0,0,0,0,0,0,,,,,,,,,,,,,,"complete"
metadata_visit,"callable_resolve","META_CLEAR",,0,0,0,0,0,0,,,,,,,,,,,,,,"complete"
metadata_visit,"callable_resolve","META_CLASS",,0,0,0,0,0,0,,,,,,,,,,,,,,"complete"
metadata_visit,"callable_resolve","META_ATTR",,0,0,0,0,0,0,,,,,,,,,,,,,,"complete"
metadata_visit,"callable_resolve","META_INTERFACE",,0,0,0,0,0,0,,,,,,,,,,,,,,"complete"
metadata_visit,"callable_resolve","META_IMPLEMENTS",,0,0,0,0,0,0,,,,,,,,,,,,,,"complete"
metadata_visit,"callable_resolve","META_MEMBER",,0,0,0,0,0,0,,,,,,,,,,,,,,"complete"
metadata_visit,"callable_resolve","META_INLINE",,0,0,0,0,0,0,,,,,,,,,,,,,,"complete"
metadata_visit,"callable_resolve","META_SOURCE_STEP",,0,0,0,0,0,0,,,,,,,,,,,,,,"complete"
metadata_visit,"callable_resolve","META_TRACE_EVENT",,0,0,0,0,0,0,,,,,,,,,,,,,,"complete"
metadata_lookup,"contract_kind","query",,0,0,0,0,0,0,,,,,,,,,,,,,,"complete"
metadata_lookup,"contract_kind","hit",,0,0,0,0,0,0,,,,,,,,,,,,,,"complete"
metadata_lookup,"contract_kind","miss",,0,0,0,0,0,0,,,,,,,,,,,,,,"complete"
metadata_lookup,"contract_kind","invalid",,0,0,0,0,0,0,,,,,,,,,,,,,,"complete"
metadata_lookup,"contract_kind","degraded",,0,0,0,0,0,0,,,,,,,,,,,,,,"complete"
metadata_visit,"contract_kind","total",,0,0,0,0,0,0,,,,,,,,,,,,,,"complete"
metadata_visit,"contract_kind","META_FUNC",,0,0,0,0,0,0,,,,,,,,,,,,,,"complete"
metadata_visit,"contract_kind","META_REG",,0,0,0,0,0,0,,,,,,,,,,,,,,"complete"
metadata_visit,"contract_kind","META_CONST",,0,0,0,0,0,0,,,,,,,,,,,,,,"complete"
metadata_visit,"contract_kind","META_CLEAR",,0,0,0,0,0,0,,,,,,,,,,,,,,"complete"
metadata_visit,"contract_kind","META_CLASS",,0,0,0,0,0,0,,,,,,,,,,,,,,"complete"
metadata_visit,"contract_kind","META_ATTR",,0,0,0,0,0,0,,,,,,,,,,,,,,"complete"
metadata_visit,"contract_kind","META_INTERFACE",,0,0,0,0,0,0,,,,,,,,,,,,,,"complete"
metadata_visit,"contract_kind","META_IMPLEMENTS",,0,0,0,0,0,0,,,,,,,,,,,,,,"complete"
metadata_visit,"contract_kind","META_MEMBER",,0,0,0,0,0,0,,,,,,,,,,,,,,"complete"
metadata_visit,"contract_kind","META_INLINE",,0,0,0,0,0,0,,,,,,,,,,,,,,"complete"
metadata_visit,"contract_kind","META_SOURCE_STEP",,0,0,0,0,0,0,,,,,,,,,,,,,,"complete"
metadata_visit,"contract_kind","META_TRACE_EVENT",,0,0,0,0,0,0,,,,,,,,,,,,,,"complete"
metadata_lookup,"contract_implements","query",,0,0,0,0,0,0,,,,,,,,,,,,,,"complete"
metadata_lookup,"contract_implements","hit",,0,0,0,0,0,0,,,,,,,,,,,,,,"complete"
metadata_lookup,"contract_implements","miss",,0,0,0,0,0,0,,,,,,,,,,,,,,"complete"
metadata_lookup,"contract_implements","invalid",,0,0,0,0,0,0,,,,,,,,,,,,,,"complete"
metadata_lookup,"contract_implements","degraded",,0,0,0,0,0,0,,,,,,,,,,,,,,"complete"
metadata_visit,"contract_implements","total",,0,0,0,0,0,0,,,,,,,,,,,,,,"complete"
metadata_visit,"contract_implements","META_FUNC",,0,0,0,0,0,0,,,,,,,,,,,,,,"complete"
metadata_visit,"contract_implements","META_REG",,0,0,0,0,0,0,,,,,,,,,,,,,,"complete"
metadata_visit,"contract_implements","META_CONST",,0,0,0,0,0,0,,,,,,,,,,,,,,"complete"
metadata_visit,"contract_implements","META_CLEAR",,0,0,0,0,0,0,,,,,,,,,,,,,,"complete"
metadata_visit,"contract_implements","META_CLASS",,0,0,0,0,0,0,,,,,,,,,,,,,,"complete"
metadata_visit,"contract_implements","META_ATTR",,0,0,0,0,0,0,,,,,,,,,,,,,,"complete"
metadata_visit,"contract_implements","META_INTERFACE",,0,0,0,0,0,0,,,,,,,,,,,,,,"complete"
metadata_visit,"contract_implements","META_IMPLEMENTS",,0,0,0,0,0,0,,,,,,,,,,,,,,"complete"
metadata_visit,"contract_implements","META_MEMBER",,0,0,0,0,0,0,,,,,,,,,,,,,,"complete"
metadata_visit,"contract_implements","META_INLINE",,0,0,0,0,0,0,,,,,,,,,,,,,,"complete"
metadata_visit,"contract_implements","META_SOURCE_STEP",,0,0,0,0,0,0,,,,,,,,,,,,,,"complete"
metadata_visit,"contract_implements","META_TRACE_EVENT",,0,0,0,0,0,0,,,,,,,,,,,,,,"complete"
metadata_lookup,"callable_signature","query",,0,0,0,0,0,0,,,,,,,,,,,,,,"complete"
metadata_lookup,"callable_signature","hit",,0,0,0,0,0,0,,,,,,,,,,,,,,"complete"
metadata_lookup,"callable_signature","miss",,0,0,0,0,0,0,,,,,,,,,,,,,,"complete"
metadata_lookup,"callable_signature","invalid",,0,0,0,0,0,0,,,,,,,,,,,,,,"complete"
metadata_lookup,"callable_signature","degraded",,0,0,0,0,0,0,,,,,,,,,,,,,,"complete"
metadata_visit,"callable_signature","total",,0,0,0,0,0,0,,,,,,,,,,,,,,"complete"
metadata_visit,"callable_signature","META_FUNC",,0,0,0,0,0,0,,,,,,,,,,,,,,"complete"
metadata_visit,"callable_signature","META_REG",,0,0,0,0,0,0,,,,,,,,,,,,,,"complete"
metadata_visit,"callable_signature","META_CONST",,0,0,0,0,0,0,,,,,,,,,,,,,,"complete"
metadata_visit,"callable_signature","META_CLEAR",,0,0,0,0,0,0,,,,,,,,,,,,,,"complete"
metadata_visit,"callable_signature","META_CLASS",,0,0,0,0,0,0,,,,,,,,,,,,,,"complete"
metadata_visit,"callable_signature","META_ATTR",,0,0,0,0,0,0,,,,,,,,,,,,,,"complete"
metadata_visit,"callable_signature","META_INTERFACE",,0,0,0,0,0,0,,,,,,,,,,,,,,"complete"
metadata_visit,"callable_signature","META_IMPLEMENTS",,0,0,0,0,0,0,,,,,,,,,,,,,,"complete"
metadata_visit,"callable_signature","META_MEMBER",,0,0,0,0,0,0,,,,,,,,,,,,,,"complete"
metadata_visit,"callable_signature","META_INLINE",,0,0,0,0,0,0,,,,,,,,,,,,,,"complete"
metadata_visit,"callable_signature","META_SOURCE_STEP",,0,0,0,0,0,0,,,,,,,,,,,,,,"complete"
metadata_visit,"callable_signature","META_TRACE_EVENT",,0,0,0,0,0,0,,,,,,,,,,,,,,"complete"
metadata_lookup,"interface_method_registry","query",,0,0,0,0,0,0,,,,,,,,,,,,,,"complete"
metadata_lookup,"interface_method_registry","hit",,0,0,0,0,0,0,,,,,,,,,,,,,,"complete"
metadata_lookup,"interface_method_registry","miss",,0,0,0,0,0,0,,,,,,,,,,,,,,"complete"
metadata_lookup,"interface_method_registry","invalid",,0,0,0,0,0,0,,,,,,,,,,,,,,"complete"
metadata_lookup,"interface_method_registry","degraded",,0,0,0,0,0,0,,,,,,,,,,,,,,"complete"
metadata_visit,"interface_method_registry","total",,0,0,0,0,0,0,,,,,,,,,,,,,,"complete"
metadata_visit,"interface_method_registry","META_FUNC",,0,0,0,0,0,0,,,,,,,,,,,,,,"complete"
metadata_visit,"interface_method_registry","META_REG",,0,0,0,0,0,0,,,,,,,,,,,,,,"complete"
metadata_visit,"interface_method_registry","META_CONST",,0,0,0,0,0,0,,,,,,,,,,,,,,"complete"
metadata_visit,"interface_method_registry","META_CLEAR",,0,0,0,0,0,0,,,,,,,,,,,,,,"complete"
metadata_visit,"interface_method_registry","META_CLASS",,0,0,0,0,0,0,,,,,,,,,,,,,,"complete"
metadata_visit,"interface_method_registry","META_ATTR",,0,0,0,0,0,0,,,,,,,,,,,,,,"complete"
metadata_visit,"interface_method_registry","META_INTERFACE",,0,0,0,0,0,0,,,,,,,,,,,,,,"complete"
metadata_visit,"interface_method_registry","META_IMPLEMENTS",,0,0,0,0,0,0,,,,,,,,,,,,,,"complete"
metadata_visit,"interface_method_registry","META_MEMBER",,0,0,0,0,0,0,,,,,,,,,,,,,,"complete"
metadata_visit,"interface_method_registry","META_INLINE",,0,0,0,0,0,0,,,,,,,,,,,,,,"complete"
metadata_visit,"interface_method_registry","META_SOURCE_STEP",,0,0,0,0,0,0,,,,,,,,,,,,,,"complete"
metadata_visit,"interface_method_registry","META_TRACE_EVENT",,0,0,0,0,0,0,,,,,,,,,,,,,,"complete"
metadata_lookup,"interface_factory_registry","query",,0,0,0,0,0,0,,,,,,,,,,,,,,"complete"
metadata_lookup,"interface_factory_registry","hit",,0,0,0,0,0,0,,,,,,,,,,,,,,"complete"
metadata_lookup,"interface_factory_registry","miss",,0,0,0,0,0,0,,,,,,,,,,,,,,"complete"
metadata_lookup,"interface_factory_registry","invalid",,0,0,0,0,0,0,,,,,,,,,,,,,,"complete"
metadata_lookup,"interface_factory_registry","degraded",,0,0,0,0,0,0,,,,,,,,,,,,,,"complete"
metadata_visit,"interface_factory_registry","total",,0,0,0,0,0,0,,,,,,,,,,,,,,"complete"
metadata_visit,"interface_factory_registry","META_FUNC",,0,0,0,0,0,0,,,,,,,,,,,,,,"complete"
metadata_visit,"interface_factory_registry","META_REG",,0,0,0,0,0,0,,,,,,,,,,,,,,"complete"
metadata_visit,"interface_factory_registry","META_CONST",,0,0,0,0,0,0,,,,,,,,,,,,,,"complete"
metadata_visit,"interface_factory_registry","META_CLEAR",,0,0,0,0,0,0,,,,,,,,,,,,,,"complete"
metadata_visit,"interface_factory_registry","META_CLASS",,0,0,0,0,0,0,,,,,,,,,,,,,,"complete"
metadata_visit,"interface_factory_registry","META_ATTR",,0,0,0,0,0,0,,,,,,,,,,,,,,"complete"
metadata_visit,"interface_factory_registry","META_INTERFACE",,0,0,0,0,0,0,,,,,,,,,,,,,,"complete"
metadata_visit,"interface_factory_registry","META_IMPLEMENTS",,0,0,0,0,0,0,,,,,,,,,,,,,,"complete"
metadata_visit,"interface_factory_registry","META_MEMBER",,0,0,0,0,0,0,,,,,,,,,,,,,,"complete"
metadata_visit,"interface_factory_registry","META_INLINE",,0,0,0,0,0,0,,,,,,,,,,,,,,"complete"
metadata_visit,"interface_factory_registry","META_SOURCE_STEP",,0,0,0,0,0,0,,,,,,,,,,,,,,"complete"
metadata_visit,"interface_factory_registry","META_TRACE_EVENT",,0,0,0,0,0,0,,,,,,,,,,,,,,"complete"
metadata_lookup,"rxvml_member","query",,0,0,0,0,0,0,,,,,,,,,,,,,,"complete"
metadata_lookup,"rxvml_member","hit",,0,0,0,0,0,0,,,,,,,,,,,,,,"complete"
metadata_lookup,"rxvml_member","miss",,0,0,0,0,0,0,,,,,,,,,,,,,,"complete"
metadata_lookup,"rxvml_member","invalid",,0,0,0,0,0,0,,,,,,,,,,,,,,"complete"
metadata_lookup,"rxvml_member","degraded",,0,0,0,0,0,0,,,,,,,,,,,,,,"complete"
metadata_visit,"rxvml_member","total",,0,0,0,0,0,0,,,,,,,,,,,,,,"complete"
metadata_visit,"rxvml_member","META_FUNC",,0,0,0,0,0,0,,,,,,,,,,,,,,"complete"
metadata_visit,"rxvml_member","META_REG",,0,0,0,0,0,0,,,,,,,,,,,,,,"complete"
metadata_visit,"rxvml_member","META_CONST",,0,0,0,0,0,0,,,,,,,,,,,,,,"complete"
metadata_visit,"rxvml_member","META_CLEAR",,0,0,0,0,0,0,,,,,,,,,,,,,,"complete"
metadata_visit,"rxvml_member","META_CLASS",,0,0,0,0,0,0,,,,,,,,,,,,,,"complete"
metadata_visit,"rxvml_member","META_ATTR",,0,0,0,0,0,0,,,,,,,,,,,,,,"complete"
metadata_visit,"rxvml_member","META_INTERFACE",,0,0,0,0,0,0,,,,,,,,,,,,,,"complete"
metadata_visit,"rxvml_member","META_IMPLEMENTS",,0,0,0,0,0,0,,,,,,,,,,,,,,"complete"
metadata_visit,"rxvml_member","META_MEMBER",,0,0,0,0,0,0,,,,,,,,,,,,,,"complete"
metadata_visit,"rxvml_member","META_INLINE",,0,0,0,0,0,0,,,,,,,,,,,,,,"complete"
metadata_visit,"rxvml_member","META_SOURCE_STEP",,0,0,0,0,0,0,,,,,,,,,,,,,,"complete"
metadata_visit,"rxvml_member","META_TRACE_EVENT",,0,0,0,0,0,0,,,,,,,,,,,,,,"complete"
metadata_lookup,"rxvml_callable","query",,0,0,0,0,0,0,,,,,,,,,,,,,,"complete"
metadata_lookup,"rxvml_callable","hit",,0,0,0,0,0,0,,,,,,,,,,,,,,"complete"
metadata_lookup,"rxvml_callable","miss",,0,0,0,0,0,0,,,,,,,,,,,,,,"complete"
metadata_lookup,"rxvml_callable","invalid",,0,0,0,0,0,0,,,,,,,,,,,,,,"complete"
metadata_lookup,"rxvml_callable","degraded",,0,0,0,0,0,0,,,,,,,,,,,,,,"complete"
metadata_visit,"rxvml_callable","total",,0,0,0,0,0,0,,,,,,,,,,,,,,"complete"
metadata_visit,"rxvml_callable","META_FUNC",,0,0,0,0,0,0,,,,,,,,,,,,,,"complete"
metadata_visit,"rxvml_callable","META_REG",,0,0,0,0,0,0,,,,,,,,,,,,,,"complete"
metadata_visit,"rxvml_callable","META_CONST",,0,0,0,0,0,0,,,,,,,,,,,,,,"complete"
metadata_visit,"rxvml_callable","META_CLEAR",,0,0,0,0,0,0,,,,,,,,,,,,,,"complete"
metadata_visit,"rxvml_callable","META_CLASS",,0,0,0,0,0,0,,,,,,,,,,,,,,"complete"
metadata_visit,"rxvml_callable","META_ATTR",,0,0,0,0,0,0,,,,,,,,,,,,,,"complete"
metadata_visit,"rxvml_callable","META_INTERFACE",,0,0,0,0,0,0,,,,,,,,,,,,,,"complete"
metadata_visit,"rxvml_callable","META_IMPLEMENTS",,0,0,0,0,0,0,,,,,,,,,,,,,,"complete"
metadata_visit,"rxvml_callable","META_MEMBER",,0,0,0,0,0,0,,,,,,,,,,,,,,"complete"
metadata_visit,"rxvml_callable","META_INLINE",,0,0,0,0,0,0,,,,,,,,,,,,,,"complete"
metadata_visit,"rxvml_callable","META_SOURCE_STEP",,0,0,0,0,0,0,,,,,,,,,,,,,,"complete"
metadata_visit,"rxvml_callable","META_TRACE_EVENT",,0,0,0,0,0,0,,,,,,,,,,,,,,"complete"
metadata_lookup,"rxvml_contract","query",,0,0,0,0,0,0,,,,,,,,,,,,,,"complete"
metadata_lookup,"rxvml_contract","hit",,0,0,0,0,0,0,,,,,,,,,,,,,,"complete"
metadata_lookup,"rxvml_contract","miss",,0,0,0,0,0,0,,,,,,,,,,,,,,"complete"
metadata_lookup,"rxvml_contract","invalid",,0,0,0,0,0,0,,,,,,,,,,,,,,"complete"
metadata_lookup,"rxvml_contract","degraded",,0,0,0,0,0,0,,,,,,,,,,,,,,"complete"
metadata_visit,"rxvml_contract","total",,0,0,0,0,0,0,,,,,,,,,,,,,,"complete"
metadata_visit,"rxvml_contract","META_FUNC",,0,0,0,0,0,0,,,,,,,,,,,,,,"complete"
metadata_visit,"rxvml_contract","META_REG",,0,0,0,0,0,0,,,,,,,,,,,,,,"complete"
metadata_visit,"rxvml_contract","META_CONST",,0,0,0,0,0,0,,,,,,,,,,,,,,"complete"
metadata_visit,"rxvml_contract","META_CLEAR",,0,0,0,0,0,0,,,,,,,,,,,,,,"complete"
metadata_visit,"rxvml_contract","META_CLASS",,0,0,0,0,0,0,,,,,,,,,,,,,,"complete"
metadata_visit,"rxvml_contract","META_ATTR",,0,0,0,0,0,0,,,,,,,,,,,,,,"complete"
metadata_visit,"rxvml_contract","META_INTERFACE",,0,0,0,0,0,0,,,,,,,,,,,,,,"complete"
metadata_visit,"rxvml_contract","META_IMPLEMENTS",,0,0,0,0,0,0,,,,,,,,,,,,,,"complete"
metadata_visit,"rxvml_contract","META_MEMBER",,0,0,0,0,0,0,,,,,,,,,,,,,,"complete"
metadata_visit,"rxvml_contract","META_INLINE",,0,0,0,0,0,0,,,,,,,,,,,,,,"complete"
metadata_visit,"rxvml_contract","META_SOURCE_STEP",,0,0,0,0,0,0,,,,,,,,,,,,,,"complete"
metadata_visit,"rxvml_contract","META_TRACE_EVENT",,0,0,0,0,0,0,,,,,,,,,,,,,,"complete"
metadata_lookup,"rxvml_signature","query",,0,0,0,0,0,0,,,,,,,,,,,,,,"complete"
metadata_lookup,"rxvml_signature","hit",,0,0,0,0,0,0,,,,,,,,,,,,,,"complete"
metadata_lookup,"rxvml_signature","miss",,0,0,0,0,0,0,,,,,,,,,,,,,,"complete"
metadata_lookup,"rxvml_signature","invalid",,0,0,0,0,0,0,,,,,,,,,,,,,,"complete"
metadata_lookup,"rxvml_signature","degraded",,0,0,0,0,0,0,,,,,,,,,,,,,,"complete"
metadata_visit,"rxvml_signature","total",,0,0,0,0,0,0,,,,,,,,,,,,,,"complete"
metadata_visit,"rxvml_signature","META_FUNC",,0,0,0,0,0,0,,,,,,,,,,,,,,"complete"
metadata_visit,"rxvml_signature","META_REG",,0,0,0,0,0,0,,,,,,,,,,,,,,"complete"
metadata_visit,"rxvml_signature","META_CONST",,0,0,0,0,0,0,,,,,,,,,,,,,,"complete"
metadata_visit,"rxvml_signature","META_CLEAR",,0,0,0,0,0,0,,,,,,,,,,,,,,"complete"
metadata_visit,"rxvml_signature","META_CLASS",,0,0,0,0,0,0,,,,,,,,,,,,,,"complete"
metadata_visit,"rxvml_signature","META_ATTR",,0,0,0,0,0,0,,,,,,,,,,,,,,"complete"
metadata_visit,"rxvml_signature","META_INTERFACE",,0,0,0,0,0,0,,,,,,,,,,,,,,"complete"
metadata_visit,"rxvml_signature","META_IMPLEMENTS",,0,0,0,0,0,0,,,,,,,,,,,,,,"complete"
metadata_visit,"rxvml_signature","META_MEMBER",,0,0,0,0,0,0,,,,,,,,,,,,,,"complete"
metadata_visit,"rxvml_signature","META_INLINE",,0,0,0,0,0,0,,,,,,,,,,,,,,"complete"
metadata_visit,"rxvml_signature","META_SOURCE_STEP",,0,0,0,0,0,0,,,,,,,,,,,,,,"complete"
metadata_visit,"rxvml_signature","META_TRACE_EVENT",,0,0,0,0,0,0,,,,,,,,,,,,,,"complete"
metadata_lookup,"rxvml_class_discovery","query",,0,0,0,0,0,0,,,,,,,,,,,,,,"complete"
metadata_lookup,"rxvml_class_discovery","hit",,0,0,0,0,0,0,,,,,,,,,,,,,,"complete"
metadata_lookup,"rxvml_class_discovery","miss",,0,0,0,0,0,0,,,,,,,,,,,,,,"complete"
metadata_lookup,"rxvml_class_discovery","invalid",,0,0,0,0,0,0,,,,,,,,,,,,,,"complete"
metadata_lookup,"rxvml_class_discovery","degraded",,0,0,0,0,0,0,,,,,,,,,,,,,,"complete"
metadata_visit,"rxvml_class_discovery","total",,0,0,0,0,0,0,,,,,,,,,,,,,,"complete"
metadata_visit,"rxvml_class_discovery","META_FUNC",,0,0,0,0,0,0,,,,,,,,,,,,,,"complete"
metadata_visit,"rxvml_class_discovery","META_REG",,0,0,0,0,0,0,,,,,,,,,,,,,,"complete"
metadata_visit,"rxvml_class_discovery","META_CONST",,0,0,0,0,0,0,,,,,,,,,,,,,,"complete"
metadata_visit,"rxvml_class_discovery","META_CLEAR",,0,0,0,0,0,0,,,,,,,,,,,,,,"complete"
metadata_visit,"rxvml_class_discovery","META_CLASS",,0,0,0,0,0,0,,,,,,,,,,,,,,"complete"
metadata_visit,"rxvml_class_discovery","META_ATTR",,0,0,0,0,0,0,,,,,,,,,,,,,,"complete"
metadata_visit,"rxvml_class_discovery","META_INTERFACE",,0,0,0,0,0,0,,,,,,,,,,,,,,"complete"
metadata_visit,"rxvml_class_discovery","META_IMPLEMENTS",,0,0,0,0,0,0,,,,,,,,,,,,,,"complete"
metadata_visit,"rxvml_class_discovery","META_MEMBER",,0,0,0,0,0,0,,,,,,,,,,,,,,"complete"
metadata_visit,"rxvml_class_discovery","META_INLINE",,0,0,0,0,0,0,,,,,,,,,,,,,,"complete"
metadata_visit,"rxvml_class_discovery","META_SOURCE_STEP",,0,0,0,0,0,0,,,,,,,,,,,,,,"complete"
metadata_visit,"rxvml_class_discovery","META_TRACE_EVENT",,0,0,0,0,0,0,,,,,,,,,,,,,,"complete"
metadata_lookup,"source_context","query",,0,0,0,0,0,0,,,,,,,,,,,,,,"complete"
metadata_lookup,"source_context","hit",,0,0,0,0,0,0,,,,,,,,,,,,,,"complete"
metadata_lookup,"source_context","miss",,0,0,0,0,0,0,,,,,,,,,,,,,,"complete"
metadata_lookup,"source_context","invalid",,0,0,0,0,0,0,,,,,,,,,,,,,,"complete"
metadata_lookup,"source_context","degraded",,0,0,0,0,0,0,,,,,,,,,,,,,,"complete"
metadata_visit,"source_context","total",,0,0,0,0,0,0,,,,,,,,,,,,,,"complete"
metadata_visit,"source_context","META_FUNC",,0,0,0,0,0,0,,,,,,,,,,,,,,"complete"
metadata_visit,"source_context","META_REG",,0,0,0,0,0,0,,,,,,,,,,,,,,"complete"
metadata_visit,"source_context","META_CONST",,0,0,0,0,0,0,,,,,,,,,,,,,,"complete"
metadata_visit,"source_context","META_CLEAR",,0,0,0,0,0,0,,,,,,,,,,,,,,"complete"
metadata_visit,"source_context","META_CLASS",,0,0,0,0,0,0,,,,,,,,,,,,,,"complete"
metadata_visit,"source_context","META_ATTR",,0,0,0,0,0,0,,,,,,,,,,,,,,"complete"
metadata_visit,"source_context","META_INTERFACE",,0,0,0,0,0,0,,,,,,,,,,,,,,"complete"
metadata_visit,"source_context","META_IMPLEMENTS",,0,0,0,0,0,0,,,,,,,,,,,,,,"complete"
metadata_visit,"source_context","META_MEMBER",,0,0,0,0,0,0,,,,,,,,,,,,,,"complete"
metadata_visit,"source_context","META_INLINE",,0,0,0,0,0,0,,,,,,,,,,,,,,"complete"
metadata_visit,"source_context","META_SOURCE_STEP",,0,0,0,0,0,0,,,,,,,,,,,,,,"complete"
metadata_visit,"source_context","META_TRACE_EVENT",,0,0,0,0,0,0,,,,,,,,,,,,,,"complete"
metadata_lookup,"metadata_introspection","query",,0,0,0,0,0,0,,,,,,,,,,,,,,"complete"
metadata_lookup,"metadata_introspection","hit",,0,0,0,0,0,0,,,,,,,,,,,,,,"complete"
metadata_lookup,"metadata_introspection","miss",,0,0,0,0,0,0,,,,,,,,,,,,,,"complete"
metadata_lookup,"metadata_introspection","invalid",,0,0,0,0,0,0,,,,,,,,,,,,,,"complete"
metadata_lookup,"metadata_introspection","degraded",,0,0,0,0,0,0,,,,,,,,,,,,,,"complete"
metadata_visit,"metadata_introspection","total",,0,0,0,0,0,0,,,,,,,,,,,,,,"complete"
metadata_visit,"metadata_introspection","META_FUNC",,0,0,0,0,0,0,,,,,,,,,,,,,,"complete"
metadata_visit,"metadata_introspection","META_REG",,0,0,0,0,0,0,,,,,,,,,,,,,,"complete"
metadata_visit,"metadata_introspection","META_CONST",,0,0,0,0,0,0,,,,,,,,,,,,,,"complete"
metadata_visit,"metadata_introspection","META_CLEAR",,0,0,0,0,0,0,,,,,,,,,,,,,,"complete"
metadata_visit,"metadata_introspection","META_CLASS",,0,0,0,0,0,0,,,,,,,,,,,,,,"complete"
metadata_visit,"metadata_introspection","META_ATTR",,0,0,0,0,0,0,,,,,,,,,,,,,,"complete"
metadata_visit,"metadata_introspection","META_INTERFACE",,0,0,0,0,0,0,,,,,,,,,,,,,,"complete"
metadata_visit,"metadata_introspection","META_IMPLEMENTS",,0,0,0,0,0,0,,,,,,,,,,,,,,"complete"
metadata_visit,"metadata_introspection","META_MEMBER",,0,0,0,0,0,0,,,,,,,,,,,,,,"complete"
metadata_visit,"metadata_introspection","META_INLINE",,0,0,0,0,0,0,,,,,,,,,,,,,,"complete"
metadata_visit,"metadata_introspection","META_SOURCE_STEP",,0,0,0,0,0,0,,,,,,,,,,,,,,"complete"
metadata_visit,"metadata_introspection","META_TRACE_EVENT",,0,0,0,0,0,0,,,,,,,,,,,,,,"complete"
metadata_lookup,"profile_catalog","query",,2,0,0,0,0,0,,,,,,,,,,,,,,"complete"
metadata_lookup,"profile_catalog","hit",,0,0,0,0,0,0,,,,,,,,,,,,,,"complete"
metadata_lookup,"profile_catalog","miss",,2,0,0,0,0,0,,,,,,,,,,,,,,"complete"
metadata_lookup,"profile_catalog","invalid",,0,0,0,0,0,0,,,,,,,,,,,,,,"complete"
metadata_lookup,"profile_catalog","degraded",,0,0,0,0,0,0,,,,,,,,,,,,,,"complete"
metadata_visit,"profile_catalog","total",,248,0,0,0,0,0,,,,,,,,,,,,,,"complete"
metadata_visit,"profile_catalog","META_FUNC",,2,0,0,0,0,0,,,,,,,,,,,,,,"complete"
metadata_visit,"profile_catalog","META_REG",,10,0,0,0,0,0,,,,,,,,,,,,,,"complete"
metadata_visit,"profile_catalog","META_CONST",,0,0,0,0,0,0,,,,,,,,,,,,,,"complete"
metadata_visit,"profile_catalog","META_CLEAR",,8,0,0,0,0,0,,,,,,,,,,,,,,"complete"
metadata_visit,"profile_catalog","META_CLASS",,0,0,0,0,0,0,,,,,,,,,,,,,,"complete"
metadata_visit,"profile_catalog","META_ATTR",,0,0,0,0,0,0,,,,,,,,,,,,,,"complete"
metadata_visit,"profile_catalog","META_INTERFACE",,0,0,0,0,0,0,,,,,,,,,,,,,,"complete"
metadata_visit,"profile_catalog","META_IMPLEMENTS",,0,0,0,0,0,0,,,,,,,,,,,,,,"complete"
metadata_visit,"profile_catalog","META_MEMBER",,0,0,0,0,0,0,,,,,,,,,,,,,,"complete"
metadata_visit,"profile_catalog","META_INLINE",,0,0,0,0,0,0,,,,,,,,,,,,,,"complete"
metadata_visit,"profile_catalog","META_SOURCE_STEP",,112,0,0,0,0,0,,,,,,,,,,,,,,"complete"
metadata_visit,"profile_catalog","META_TRACE_EVENT",,116,0,0,0,0,0,,,,,,,,,,,,,,"complete"
metadata_index_build,"META_FUNC","entries",,1,0,0,0,0,0,,,,,,,,,,,,,,"complete"
metadata_index_build,"META_REG","entries",,5,0,0,0,0,0,,,,,,,,,,,,,,"complete"
metadata_index_build,"META_CONST","entries",,0,0,0,0,0,0,,,,,,,,,,,,,,"complete"
metadata_index_build,"META_CLEAR","entries",,4,0,0,0,0,0,,,,,,,,,,,,,,"complete"
metadata_index_build,"META_CLASS","entries",,0,0,0,0,0,0,,,,,,,,,,,,,,"complete"
metadata_index_build,"META_ATTR","entries",,0,0,0,0,0,0,,,,,,,,,,,,,,"complete"
metadata_index_build,"META_INTERFACE","entries",,0,0,0,0,0,0,,,,,,,,,,,,,,"complete"
metadata_index_build,"META_IMPLEMENTS","entries",,0,0,0,0,0,0,,,,,,,,,,,,,,"complete"
metadata_index_build,"META_MEMBER","entries",,0,0,0,0,0,0,,,,,,,,,,,,,,"complete"
metadata_index_build,"META_INLINE","entries",,0,0,0,0,0,0,,,,,,,,,,,,,,"complete"
metadata_index_build,"META_SOURCE_STEP","entries",,56,0,0,0,0,0,,,,,,,,,,,,,,"complete"
metadata_index_build,"META_TRACE_EVENT","entries",,58,0,0,0,0,0,,,,,,,,,,,,,,"complete"
metadata_index_build,"index","modules",,1,0,0,0,0,0,,,,,,,,,,,,,,"complete"
metadata_index_build,"index","offsets",,124,0,0,0,0,0,,,,,,,,,,,,,,"complete"
metadata_index_build,"index","retained_bytes",,1984,0,0,0,0,0,,,,,,,,,,,,,,"complete"
metadata_index_build,"index","invalid",,0,0,0,0,0,0,,,,,,,,,,,,,,"complete"
metadata_index_build,"index","degraded",,0,0,0,0,0,0,,,,,,,,,,,,,,"complete"
census,"call_path","direct_bytecode",,0,0,0,0,0,0,,,,,,,,,,,,,,"complete"
census,"call_path","direct_native",,0,0,0,0,0,0,,,,,,,,,,,,,,"complete"
census,"call_path","dynamic_bytecode",,0,0,0,0,0,0,,,,,,,,,,,,,,"complete"
census,"call_path","dynamic_native",,0,0,0,0,0,0,,,,,,,,,,,,,,"complete"
census,"call_path","external_root",,1,0,0,0,0,0,,,,,,,,,,,,,,"complete"
census,"call_path","signal_bytecode",,0,0,0,0,0,0,,,,,,,,,,,,,,"complete"
census,"call_path","signal_native",,0,0,0,0,0,0,,,,,,,,,,,,,,"complete"
census,"arity","1",,1,0,0,0,0,0,,,,,,,,,,,,,,"complete"
census,"callable_kind","procedure",,1,0,0,0,0,0,,,,,,,,,,,,,,"complete"
census,"callable_kind","method",,0,0,0,0,0,0,,,,,,,,,,,,,,"complete"
census,"callable_kind","factory",,0,0,0,0,0,0,,,,,,,,,,,,,,"complete"
census,"callable_kind","native",,0,0,0,0,0,0,,,,,,,,,,,,,,"complete"
census,"callable_kind","unknown",,0,0,0,0,0,0,,,,,,,,,,,,,,"complete"
census,"frame_disposition","fresh",,1,0,0,0,0,0,,,,,,,,,,,,,,"complete"
census,"frame_disposition","reused",,0,0,0,0,0,0,,,,,,,,,,,,,,"complete"
census,"frame_disposition","no_child_native",,0,0,0,0,0,0,,,,,,,,,,,,,,"complete"
census,"frame_disposition","none_failed",,0,0,0,0,0,0,,,,,,,,,,,,,,"complete"
census,"call_outcome","success",,1,0,0,0,0,0,,,,,,,,,,,,,,"complete"
census,"call_outcome","unresolved",,0,0,0,0,0,0,,,,,,,,,,,,,,"complete"
census,"call_outcome","frame_failed",,0,0,0,0,0,0,,,,,,,,,,,,,,"complete"
census,"call_outcome","invalid",,0,0,0,0,0,0,,,,,,,,,,,,,,"complete"
return,"placement","void",,0,0,0,0,0,0,,,,,,,,,,,,,,"complete"
return,"placement","ret_reg_move_local",,0,0,0,0,0,0,,,,,,,,,,,,,,"complete"
return,"placement","ret_reg_copy_nonlocal",,0,0,0,0,0,0,,,,,,,,,,,,,,"complete"
return,"placement","value_ignored",,0,0,0,0,0,0,,,,,,,,,,,,,,"complete"
return,"placement","immediate",,0,0,0,0,0,0,,,,,,,,,,,,,,"complete"
return,"placement","terminal_external",,1,0,0,0,0,0,,,,,,,,,,,,,,"complete"
dynamic,"srcmethodsel","attempt",,0,0,0,0,0,0,,,,,,,,,,,,,,"complete"
dynamic,"srcmethodsel","success",,0,0,0,0,0,0,,,,,,,,,,,,,,"complete"
dynamic,"srcmethodsel","failure",,0,0,0,0,0,0,,,,,,,,,,,,,,"complete"
dynamic,"srcfprocsel","attempt",,0,0,0,0,0,0,,,,,,,,,,,,,,"complete"
dynamic,"srcfprocsel","success",,0,0,0,0,0,0,,,,,,,,,,,,,,"complete"
dynamic,"srcfprocsel","failure",,0,0,0,0,0,0,,,,,,,,,,,,,,"complete"
mechanics,"call_window","setup_swaps",,0,0,0,0,0,0,,,,,,,,,,,,,,"complete"
mechanics,"call_window","normal_restoration_swaps",,0,0,0,0,0,0,,,,,,,,,,,,,,"complete"
mechanics,"call_window","unclassified_swaps",,0,0,0,0,0,0,,,,,,,,,,,,,,"complete"
mechanics,"call_window","defensive_argument_copies",,0,0,0,0,0,0,,,,,,,,,,,,,,"complete"
mechanics,"call_window","unclassified_copies",,51,0,0,0,0,0,,,,,,,,,,,,,,"complete"
mechanics,"call_window","attribution_degraded",,0,0,0,0,0,0,,,,,,,,,,,,,,"complete"
unwind,"signal","events",,0,0,0,0,0,0,,,,,,,,,,,,,,"complete"
unwind,"signal","bytecode_frames_discarded",,0,0,0,0,0,0,,,,,,,,,,,,,,"complete"
unwind,"signal","argument_windows_restored",,0,0,0,0,0,0,,,,,,,,,,,,,,"complete"
unwind,"signal","argument_slots_restored",,0,0,0,0,0,0,,,,,,,,,,,,,,"complete"
unwind,"signal","interrupted_native_windows_restored",,0,0,0,0,0,0,,,,,,,,,,,,,,"complete"
unwind,"signal","interrupted_native_slots_restored",,0,0,0,0,0,0,,,,,,,,,,,,,,"complete"
unwind,"signal","restoration_failures",,0,0,0,0,0,0,,,,,,,,,,,,,,"complete"
call,"awfy_sieve.main","external_root",0,1,0,0,0,0,0,1,,,,"benchmark_awfy_sieve_opt","procedure",,,"fresh","success",0,0,0,"complete"
